%1D Array
a=[1 2 3 4 5 6 7 8]

%2D Array

b = [1 2 3 4; 5 6 7 8]
